3758
0.000910
0.001500
0.001830
0.002290
0.002980
0.003400
0.003440
0.003600
0.003770
0.003940
0.004091
0.004110
0.004251
0.004290
0.004470
0.004511
0.004650
0.004700
0.004840
0.004952
0.005030
0.005230
0.005415
0.005430
0.005640
0.005850
0.005899
0.006060
0.006270
0.006391
0.006404
0.006500
0.006720
0.006930
0.006950
0.007180
0.007420
0.007478
0.007660
0.007900
0.008028
0.008048
0.008150
0.008400
0.008600
0.008616
0.008639
0.008650
0.008910
0.009000
0.009180
0.009225
0.009252
0.009440
0.009560
0.009710
0.009855
0.009886
0.009990
0.010300
0.010508
0.010544
0.010600
0.010800
0.011100
0.011182
0.011222
0.011400
0.011700
0.011878
0.011924
0.012000
0.012300
0.012598
0.012651
0.012700
0.013000
0.013300
0.013336
0.013395
0.013490
0.013600
0.013900
0.014098
0.014165
0.014300
0.014413
0.014600
0.014883
0.014958
0.015000
0.015300
0.015691
0.015700
0.015775
0.016521
0.016615
0.017153
0.017374
0.017479
0.018251
0.018367
0.018500
0.019150
0.019279
0.019394
0.019607
0.019700
0.020074
0.020216
0.020619
0.021020
0.021177
0.021990
0.022163
0.022724
0.022984
0.023174
0.023870
0.023871
0.023875
0.023933
0.024002
0.024210
0.025044
0.025100
0.025271
0.025650
0.025651
0.025655
0.026000
0.026111
0.026200
0.026359
0.027202
0.027360
0.027370
0.027472
0.027513
0.027810
0.028317
0.028486
0.028612
0.028850
0.029100
0.029374
0.029461
0.029660
0.029726
0.029782
0.029966
0.030600
0.030625
0.030638
0.030700
0.030973
0.030995
0.031817
0.032194
0.032300
0.032900
0.033034
0.033442
0.033624
0.034279
0.034600
0.034720
0.034987
0.035370
0.035550
0.035802
0.035853
0.036026
0.036200
0.036300
0.036847
0.037052
0.037300
0.037340
0.037361
0.037801
0.038171
0.038725
0.039000
0.039410
0.039522
0.040090
0.040118
0.040200
0.040748
0.040800
0.040890
0.040902
0.041480
0.041500
0.041542
0.042309
0.042996
0.043515
0.043744
0.043810
0.043827
0.043890
0.044400
0.044482
0.044683
0.045208
0.045380
0.045480
0.045500
0.045540
0.045700
0.045890
0.045988
0.046700
0.047038
0.047155
0.047370
0.047460
0.047547
0.047700
0.048221
0.048695
0.048710
0.048915
0.049128
0.049460
0.049510
0.049630
0.049720
0.049773
0.050094
0.050384
0.050500
0.050700
0.050742
0.050800
0.051354
0.051422
0.052113
0.052389
0.052965
0.053437
0.053450
0.053877
0.054070
0.054611
0.055000
0.055040
0.055674
0.055790
0.056280
0.056400
0.056500
0.057300
0.057356
0.057505
0.057535
0.057538
0.057981
0.058200
0.058390
0.059009
0.059200
0.059300
0.059318
0.059383
0.059541
0.059718
0.060100
0.060200
0.060550
0.061100
0.061141
0.061227
0.061290
0.061400
0.061413
0.061486
0.061700
0.062000
0.062289
0.062540
0.062940
0.063000
0.063120
0.063185
0.063243
0.063287
0.063583
0.063620
0.063929
0.064000
0.064072
0.064267
0.064986
0.065000
0.065122
0.065222
0.065460
0.065760
0.065900
0.066500
0.066520
0.066700
0.066831
0.066991
0.067070
0.067244
0.067350
0.067412
0.067750
0.067750
0.067800
0.067850
0.067868
0.068020
0.068170
0.068200
0.068800
0.068806
0.068894
0.069229
0.069309
0.069700
0.070010
0.070430
0.070550
0.070818
0.070832
0.071414
0.071552
0.071600
0.071903
0.072002
0.072410
0.072700
0.072805
0.072873
0.073000
0.073160
0.073210
0.073560
0.073900
0.074567
0.074660
0.074664
0.074780
0.074800
0.074815
0.074969
0.075100
0.075400
0.075500
0.075749
0.075880
0.075900
0.076060
0.076500
0.076863
0.076900
0.076990
0.077000
0.077107
0.077350
0.077400
0.077982
0.078323
0.078630
0.078650
0.078743
0.078760
0.078948
0.079290
0.079445
0.079490
0.079513
0.079804
0.080100
0.080225
0.080450
0.080574
0.080585
0.080723
0.080998
0.081069
0.081517
0.081700
0.082016
0.082100
0.082200
0.082290
0.082400
0.082470
0.082500
0.082574
0.083000
0.083500
0.083787
0.084000
0.084120
0.084938
0.085000
0.085400
0.085431
0.085580
0.086105
0.086484
0.086545
0.086546
0.086550
0.086700
0.086788
0.087000
0.087130
0.087300
0.087349
0.087567
0.087600
0.087675
0.087770
0.088340
0.088350
0.088471
0.088873
0.088970
0.089080
0.089230
0.089500
0.089550
0.089700
0.089760
0.089800
0.089807
0.089849
0.089870
0.089957
0.090035
0.090639
0.090886
0.091000
0.091100
0.091105
0.091800
0.092282
0.092315
0.092800
0.093100
0.093193
0.093308
0.093310
0.093311
0.093324
0.093350
0.093628
0.093700
0.093890
0.094000
0.094600
0.094654
0.095000
0.095260
0.095863
0.096000
0.096550
0.096600
0.097000
0.097069
0.097210
0.097261
0.097380
0.097431
0.097800
0.097990
0.098100
0.098434
0.098500
0.098850
0.098857
0.098900
0.099525
0.099600
0.099659
0.099800
0.099802
0.099900
0.100000
0.100100
0.100106
0.100120
0.100400
0.100700
0.100750
0.100800
0.100880
0.101059
0.101300
0.101400
0.102030
0.102101
0.102315
0.102380
0.102841
0.102900
0.102910
0.102968
0.103180
0.103300
0.103374
0.103570
0.103740
0.104000
0.104310
0.104320
0.104500
0.104590
0.104740
0.104900
0.105000
0.105309
0.105318
0.105330
0.105359
0.105853
0.105870
0.106000
0.106123
0.106160
0.106472
0.106800
0.107100
0.107185
0.107280
0.107931
0.108081
0.108088
0.108400
0.108450
0.108600
0.108788
0.108850
0.108900
0.109100
0.109271
0.109580
0.109779
0.109831
0.110500
0.110740
0.110900
0.111110
0.111192
0.111217
0.111300
0.111400
0.111600
0.111621
0.111790
0.111900
0.112100
0.112121
0.112200
0.112310
0.112400
0.112950
0.113000
0.113100
0.113320
0.113800
0.113820
0.113870
0.114000
0.114314
0.114430
0.114480
0.114700
0.114710
0.115032
0.115100
0.115200
0.115510
0.115650
0.115900
0.116140
0.116800
0.116835
0.117000
0.117200
0.117210
0.117228
0.117420
0.117718
0.118250
0.118590
0.118700
0.118740
0.118800
0.119120
0.119300
0.119353
0.119790
0.120190
0.120200
0.120340
0.120400
0.120540
0.121000
0.121012
0.121116
0.121200
0.121220
0.121300
0.121700
0.121782
0.121800
0.121820
0.122000
0.122061
0.122063
0.122297
0.122300
0.122370
0.122400
0.122700
0.123071
0.123403
0.123500
0.123675
0.123804
0.124100
0.124453
0.124600
0.124700
0.124900
0.125100
0.125120
0.125400
0.125800
0.125812
0.127164
0.127226
0.127298
0.127502
0.127600
0.128100
0.128340
0.128503
0.129427
0.129431
0.129500
0.129640
0.129720
0.129782
0.129800
0.129823
0.130010
0.130230
0.130400
0.130523
0.130803
0.131000
0.131100
0.131350
0.131470
0.131973
0.132100
0.132200
0.132300
0.132500
0.132700
0.132800
0.133021
0.133500
0.133515
0.133880
0.133980
0.134247
0.134440
0.134600
0.134930
0.135200
0.135300
0.135400
0.135511
0.135800
0.136000
0.136000
0.136079
0.136200
0.136474
0.136662
0.136700
0.137023
0.137140
0.137700
0.137800
0.137960
0.138400
0.138460
0.139100
0.139635
0.139680
0.139800
0.139890
0.140400
0.140500
0.140511
0.140700
0.141000
0.141178
0.141400
0.141610
0.142100
0.142307
0.142528
0.142600
0.143410
0.143765
0.144700
0.144911
0.145110
0.145350
0.145443
0.145600
0.146100
0.146150
0.146300
0.146360
0.146590
0.146653
0.146700
0.146785
0.146940
0.147000
0.147060
0.147500
0.147630
0.147700
0.147760
0.147800
0.147810
0.148000
0.148100
0.148200
0.148600
0.148900
0.149050
0.149130
0.149716
0.149730
0.150000
0.150059
0.150150
0.150200
0.150300
0.150399
0.150825
0.151194
0.151195
0.151500
0.151600
0.151703
0.152928
0.153284
0.153540
0.153590
0.153800
0.153863
0.153900
0.154480
0.154570
0.154600
0.155044
0.155300
0.155370
0.155940
0.156500
0.156610
0.156670
0.157600
0.157820
0.158050
0.158300
0.158379
0.158380
0.158468
0.158560
0.158562
0.158570
0.158600
0.158640
0.158700
0.159000
0.159100
0.159381
0.159590
0.159700
0.160300
0.160308
0.160340
0.160800
0.160870
0.161200
0.161922
0.161980
0.162100
0.162330
0.162400
0.162700
0.163200
0.163350
0.163480
0.163600
0.163800
0.163920
0.164110
0.164200
0.164300
0.164500
0.164710
0.164980
0.165800
0.165857
0.166400
0.166500
0.167010
0.167400
0.167430
0.168240
0.168400
0.168499
0.168600
0.169000
0.169150
0.169400
0.169500
0.169780
0.171070
0.171280
0.171500
0.171586
0.171700
0.172000
0.172132
0.172180
0.172200
0.172500
0.173185
0.173300
0.173400
0.173600
0.173740
0.173750
0.173910
0.174000
0.174280
0.174399
0.174500
0.174800
0.174954
0.174956
0.175000
0.175300
0.176230
0.176400
0.176500
0.176520
0.176602
0.177213
0.177500
0.177590
0.177600
0.178000
0.178100
0.178500
0.178780
0.178800
0.178900
0.179400
0.180186
0.180200
0.180310
0.180800
0.180891
0.181000
0.181180
0.181525
0.181570
0.181680
0.181944
0.182110
0.182320
0.182330
0.182770
0.182900
0.182920
0.183100
0.183700
0.184020
0.184295
0.184405
0.184411
0.184576
0.184577
0.184600
0.184810
0.184951
0.185270
0.185400
0.185713
0.186053
0.186200
0.186380
0.186560
0.186680
0.186700
0.186720
0.187590
0.187630
0.187800
0.187910
0.188100
0.188270
0.188418
0.188700
0.188900
0.188980
0.189000
0.189210
0.189400
0.189490
0.189500
0.189790
0.189800
0.190100
0.190270
0.190328
0.190340
0.190440
0.190800
0.191217
0.191500
0.191530
0.191700
0.191920
0.192140
0.192419
0.192500
0.192660
0.192700
0.192800
0.193100
0.193900
0.194000
0.194100
0.194410
0.195000
0.195050
0.195554
0.196000
0.196301
0.196461
0.196600
0.197000
0.197142
0.197299
0.197300
0.197316
0.197360
0.197400
0.197870
0.197900
0.197957
0.198010
0.198251
0.198400
0.198500
0.198800
0.198900
0.199000
0.199190
0.199200
0.200700
0.201000
0.201020
0.201200
0.201300
0.201830
0.201900
0.202200
0.202530
0.202860
0.202980
0.203000
0.203200
0.203300
0.203700
0.203800
0.203900
0.204000
0.204090
0.204100
0.204105
0.204117
0.204770
0.204950
0.205100
0.205794
0.205900
0.206000
0.206180
0.206290
0.206500
0.206800
0.207000
0.207120
0.207300
0.207400
0.207500
0.207801
0.208005
0.208100
0.208200
0.208366
0.208700
0.208900
0.209900
0.210465
0.210700
0.211030
0.211150
0.211309
0.211475
0.211500
0.211590
0.211640
0.211700
0.212000
0.212189
0.212200
0.212531
0.212700
0.212900
0.213434
0.213754
0.213810
0.214000
0.214070
0.214300
0.214330
0.214335
0.214800
0.214890
0.214900
0.215241
0.215300
0.215340
0.215426
0.215510
0.215530
0.215610
0.215700
0.215750
0.215780
0.216088
0.216400
0.216500
0.216668
0.216800
0.217600
0.218000
0.218230
0.218900
0.219300
0.220000
0.220700
0.220948
0.221050
0.221392
0.221800
0.222450
0.223400
0.223750
0.223810
0.223900
0.224100
0.224200
0.224400
0.224750
0.225220
0.225500
0.225980
0.226300
0.226918
0.227000
0.227600
0.228120
0.228160
0.228183
0.228184
0.228400
0.228484
0.228670
0.229100
0.229140
0.229320
0.230000
0.230442
0.231600
0.231611
0.231650
0.231700
0.231860
0.231929
0.232730
0.232800
0.233221
0.233600
0.233700
0.234000
0.234200
0.234300
0.235690
0.235960
0.236480
0.236700
0.237000
0.238632
0.238980
0.239190
0.239300
0.240100
0.240300
0.240700
0.240710
0.240970
0.241000
0.241100
0.241305
0.241400
0.242500
0.242600
0.242800
0.242917
0.243120
0.243300
0.243378
0.243700
0.243800
0.244700
0.245000
0.245200
0.245300
0.245350
0.245395
0.246059
0.246320
0.246870
0.247000
0.247920
0.248020
0.248700
0.249794
0.250150
0.250333
0.250500
0.251200
0.251500
0.251600
0.251863
0.252510
0.252600
0.252700
0.252845
0.252850
0.252963
0.253000
0.253100
0.253200
0.253420
0.253500
0.253678
0.253729
0.253950
0.254290
0.254400
0.255300
0.255680
0.255870
0.255900
0.256500
0.256894
0.256930
0.257340
0.257400
0.257520
0.257645
0.257970
0.258170
0.258200
0.258400
0.258411
0.258470
0.258810
0.259100
0.259270
0.259330
0.259500
0.260050
0.260270
0.261010
0.261290
0.261750
0.261850
0.262200
0.263000
0.263049
0.263200
0.263600
0.263870
0.263980
0.264450
0.264460
0.264600
0.264658
0.265000
0.265300
0.265360
0.265560
0.265600
0.265700
0.266200
0.266800
0.266830
0.266860
0.266900
0.267300
0.267320
0.267400
0.267800
0.268080
0.268218
0.268500
0.268700
0.268850
0.269463
0.269500
0.269600
0.270000
0.270068
0.270096
0.270166
0.270300
0.270408
0.270530
0.271200
0.271230
0.271251
0.271800
0.271900
0.271940
0.272000
0.272100
0.272105
0.272200
0.272690
0.272730
0.272900
0.272970
0.273000
0.273400
0.273440
0.273646
0.273700
0.274100
0.274400
0.274410
0.274800
0.275925
0.276100
0.276280
0.276500
0.276950
0.277300
0.277599
0.277604
0.277800
0.277951
0.278100
0.278560
0.278600
0.278900
0.279010
0.279195
0.279400
0.279540
0.279542
0.279700
0.279920
0.279930
0.279970
0.280200
0.280230
0.280300
0.280464
0.280540
0.281340
0.281787
0.282000
0.282300
0.282471
0.282800
0.282956
0.283290
0.283500
0.283700
0.283900
0.284100
0.284670
0.284950
0.285246
0.285400
0.286000
0.286100
0.286410
0.286500
0.287357
0.288110
0.288700
0.288900
0.289970
0.290300
0.292500
0.292710
0.292900
0.293266
0.293300
0.293500
0.293549
0.294200
0.294300
0.294400
0.295224
0.295800
0.295820
0.295901
0.295957
0.296000
0.296700
0.296812
0.296974
0.297000
0.297320
0.297369
0.297880
0.297900
0.298100
0.298300
0.298578
0.298600
0.298633
0.298840
0.299200
0.300000
0.300070
0.300217
0.300510
0.300648
0.301000
0.301702
0.301820
0.302480
0.302700
0.302770
0.302800
0.302851
0.302900
0.303410
0.303920
0.304190
0.304200
0.304600
0.304870
0.304896
0.305700
0.306300
0.306600
0.306700
0.306780
0.306830
0.306857
0.307063
0.307736
0.308240
0.308291
0.308400
0.308455
0.309594
0.309900
0.310260
0.311239
0.311652
0.311700
0.311870
0.311901
0.312080
0.312200
0.313000
0.314100
0.314500
0.314550
0.314700
0.314920
0.315302
0.315420
0.315800
0.315820
0.315930
0.316100
0.316496
0.316500
0.316506
0.316740
0.317000
0.318040
0.319021
0.319231
0.320076
0.320940
0.321100
0.321220
0.321336
0.321400
0.323100
0.323600
0.323700
0.323890
0.324220
0.324490
0.325000
0.325230
0.325500
0.325560
0.325600
0.325700
0.325800
0.326336
0.326868
0.327000
0.327300
0.327428
0.327683
0.328400
0.328467
0.328470
0.328762
0.329300
0.329400
0.330500
0.330800
0.330914
0.331100
0.331150
0.331800
0.331940
0.332274
0.332410
0.332600
0.333030
0.333370
0.333800
0.333820
0.333920
0.333971
0.333990
0.334200
0.334600
0.335080
0.335500
0.335900
0.335980
0.336241
0.336400
0.336700
0.336900
0.337500
0.337600
0.337700
0.338200
0.338320
0.338441
0.338800
0.339200
0.339900
0.340080
0.340100
0.340300
0.340400
0.340530
0.340547
0.340600
0.340800
0.341160
0.341500
0.342300
0.342600
0.343000
0.343410
0.343510
0.343550
0.343600
0.343670
0.343700
0.344100
0.344260
0.344278
0.344530
0.344610
0.344900
0.345200
0.345930
0.346377
0.346500
0.346547
0.346650
0.347180
0.347600
0.348500
0.348700
0.349000
0.349200
0.349400
0.349500
0.350000
0.351070
0.351100
0.351200
0.351500
0.351932
0.352240
0.353050
0.353430
0.353989
0.354010
0.354800
0.354880
0.355400
0.355600
0.355700
0.355730
0.355900
0.356013
0.356380
0.356690
0.356730
0.357200
0.357400
0.357600
0.358000
0.358300
0.358429
0.359000
0.359598
0.359600
0.360000
0.360700
0.360800
0.360940
0.361090
0.361121
0.361200
0.362000
0.362550
0.363100
0.363540
0.363543
0.363700
0.363800
0.364489
0.365162
0.365400
0.365500
0.366200
0.366250
0.366400
0.366500
0.366800
0.366900
0.367000
0.367200
0.367490
0.367600
0.367942
0.367950
0.368800
0.368934
0.369200
0.369813
0.370000
0.370509
0.370900
0.371240
0.371320
0.371918
0.372100
0.372200
0.372760
0.372900
0.373256
0.373500
0.374100
0.374200
0.374300
0.374485
0.374500
0.374760
0.374991
0.375400
0.375480
0.376400
0.377000
0.377900
0.378400
0.378504
0.379100
0.379420
0.379500
0.380790
0.381359
0.381530
0.381600
0.381700
0.381740
0.381800
0.381850
0.382490
0.382800
0.383640
0.383700
0.384280
0.384400
0.385500
0.385700
0.385800
0.385850
0.386000
0.386100
0.386200
0.386371
0.386500
0.386700
0.386800
0.387200
0.388000
0.388150
0.388528
0.388531
0.388570
0.388633
0.388660
0.389100
0.389300
0.389710
0.389800
0.390000
0.390360
0.391698
0.391830
0.391930
0.392200
0.392300
0.392870
0.393200
0.393500
0.393800
0.393900
0.394210
0.394351
0.394550
0.395444
0.395540
0.396000
0.396100
0.396200
0.396322
0.396340
0.396500
0.396800
0.396861
0.397200
0.397440
0.397700
0.398000
0.398400
0.398900
0.399100
0.399400
0.399410
0.399700
0.400500
0.400600
0.400657
0.401200
0.401970
0.402400
0.402588
0.402680
0.402800
0.403000
0.403900
0.404300
0.406000
0.406182
0.406500
0.407220
0.407338
0.407351
0.407630
0.407960
0.408200
0.409200
0.409720
0.409790
0.410723
0.410949
0.411000
0.411100
0.411490
0.411800
0.411802
0.411950
0.412400
0.412700
0.413100
0.413500
0.413664
0.414000
0.414010
0.414028
0.414057
0.414070
0.414100
0.414500
0.414700
0.415100
0.415440
0.415800
0.416300
0.416350
0.416900
0.417700
0.417783
0.417932
0.418340
0.418539
0.419100
0.419810
0.419830
0.420300
0.421550
0.421700
0.421800
0.421900
0.422120
0.422130
0.422260
0.422300
0.424000
0.424900
0.425500
0.425700
0.425800
0.425840
0.425900
0.426100
0.426150
0.426300
0.426360
0.426980
0.427800
0.427874
0.427910
0.428200
0.428600
0.429400
0.429646
0.430240
0.431000
0.431570
0.431620
0.431800
0.432200
0.432290
0.432600
0.432610
0.433400
0.433760
0.433937
0.434000
0.434100
0.434200
0.434562
0.435050
0.435060
0.435100
0.435300
0.435500
0.436000
0.436290
0.436551
0.437500
0.438200
0.438634
0.439000
0.439401
0.439560
0.440450
0.440500
0.441050
0.441100
0.442120
0.442200
0.442620
0.442840
0.442901
0.443162
0.443300
0.443340
0.443440
0.443879
0.444628
0.445320
0.445900
0.446153
0.446160
0.447100
0.447515
0.448010
0.449600
0.450600
0.450800
0.450976
0.451800
0.452323
0.453100
0.453300
0.453400
0.453590
0.453860
0.453930
0.454000
0.454048
0.454300
0.454700
0.454990
0.455460
0.455490
0.455600
0.455800
0.456100
0.457200
0.458100
0.458300
0.459073
0.459160
0.459400
0.459700
0.459720
0.460040
0.461060
0.461600
0.461800
0.462785
0.462800
0.463000
0.463365
0.463620
0.463700
0.464550
0.464790
0.465140
0.466100
0.467700
0.468000
0.468069
0.468400
0.469137
0.469347
0.470600
0.470700
0.470780
0.471805
0.471900
0.472202
0.472740
0.473000
0.473940
0.473990
0.475000
0.475060
0.475200
0.475600
0.476000
0.476780
0.476800
0.477100
0.477200
0.477220
0.477604
0.477800
0.478000
0.478500
0.479310
0.479357
0.479510
0.479530
0.480300
0.480440
0.481000
0.481700
0.482180
0.482300
0.482320
0.484300
0.484575
0.484805
0.484850
0.486400
0.487000
0.487021
0.487402
0.487900
0.489038
0.489049
0.489100
0.490470
0.490600
0.493000
0.493772
0.494120
0.494500
0.494700
0.494900
0.495013
0.496242
0.496321
0.497060
0.497085
0.497310
0.497400
0.497600
0.497770
0.497960
0.498000
0.498400
0.499700
0.500697
0.502100
0.502500
0.502578
0.502900
0.504270
0.504440
0.505200
0.505400
0.505510
0.505920
0.506100
0.506592
0.506600
0.507400
0.507580
0.507591
0.508970
0.509700
0.510040
0.510204
0.510300
0.510360
0.510600
0.510770
0.511000
0.511200
0.511359
0.511556
0.511600
0.511700
0.511850
0.511861
0.511900
0.513500
0.514005
0.514700
0.515300
0.515700
0.516180
0.516410
0.517860
0.518050
0.518550
0.519800
0.520399
0.520690
0.521050
0.521400
0.522469
0.522650
0.523180
0.523792
0.524000
0.526000
0.526300
0.526440
0.526500
0.526561
0.527300
0.527901
0.528240
0.529400
0.529595
0.529872
0.530300
0.530500
0.531000
0.531012
0.533000
0.533800
0.534290
0.534300
0.534920
0.535100
0.535130
0.535666
0.536066
0.536120
0.536200
0.536710
0.537000
0.537261
0.537300
0.537450
0.537480
0.538100
0.538200
0.538897
0.539490
0.539512
0.539750
0.540900
0.541000
0.541200
0.542270
0.542400
0.542867
0.542980
0.543300
0.543700
0.544500
0.544560
0.544900
0.545000
0.545510
0.546130
0.546310
0.546350
0.546660
0.546990
0.547700
0.548300
0.548380
0.548400
0.549000
0.550270
0.550284
0.550700
0.550800
0.551600
0.552100
0.552160
0.552300
0.552400
0.552551
0.552900
0.553231
0.554200
0.554350
0.554352
0.554600
0.555000
0.555570
0.555800
0.556000
0.556070
0.556600
0.557300
0.557920
0.557950
0.558450
0.559086
0.559120
0.559400
0.560200
0.560400
0.560500
0.561000
0.561100
0.562150
0.562930
0.563520
0.564119
0.564240
0.564397
0.564790
0.565992
0.566340
0.567000
0.567060
0.567140
0.567260
0.568400
0.568871
0.569000
0.569300
0.569331
0.569360
0.569450
0.569698
0.569700
0.570410
0.570600
0.570760
0.571000
0.572260
0.572900
0.573139
0.573400
0.574110
0.574219
0.574800
0.574900
0.577900
0.578200
0.578700
0.578750
0.579300
0.580600
0.580900
0.581000
0.581100
0.581820
0.582082
0.583040
0.583187
0.583200
0.583258
0.584274
0.584900
0.585028
0.585804
0.586000
0.586010
0.586030
0.586440
0.587200
0.587300
0.587460
0.587800
0.588000
0.588300
0.588333
0.588825
0.589000
0.590100
0.590238
0.591400
0.591600
0.592100
0.593390
0.593600
0.593994
0.595110
0.595200
0.595362
0.595830
0.595870
0.595916
0.596600
0.596630
0.597400
0.597680
0.598400
0.599480
0.599740
0.599800
0.600100
0.600500
0.600570
0.600597
0.600600
0.601600
0.602250
0.602700
0.602720
0.602726
0.602730
0.603700
0.604700
0.604721
0.605140
0.605200
0.605600
0.605900
0.606760
0.607800
0.608100
0.608400
0.608500
0.609321
0.609960
0.610062
0.610100
0.610500
0.611000
0.611293
0.612300
0.612900
0.613680
0.613800
0.614276
0.614300
0.614500
0.615300
0.616100
0.616170
0.616342
0.616500
0.616561
0.616700
0.617200
0.617490
0.617517
0.617800
0.618010
0.618900
0.619000
0.619105
0.619110
0.619200
0.619300
0.619400
0.620084
0.620240
0.620400
0.620505
0.620700
0.621700
0.621790
0.622000
0.622600
0.623300
0.624500
0.626100
0.626400
0.626830
0.627500
0.628100
0.628700
0.629100
0.629600
0.629967
0.629970
0.629987
0.630190
0.630200
0.630320
0.630400
0.630700
0.630910
0.631100
0.631200
0.631290
0.631730
0.631870
0.631947
0.632600
0.632660
0.632900
0.633030
0.633083
0.634000
0.634137
0.634200
0.634300
0.634500
0.634780
0.634800
0.635300
0.635560
0.635950
0.636200
0.636300
0.636700
0.637000
0.637140
0.637400
0.638000
0.638050
0.638300
0.638700
0.639400
0.639600
0.641285
0.641400
0.641500
0.641680
0.642230
0.642300
0.643600
0.644010
0.644600
0.644630
0.645180
0.645190
0.645500
0.645820
0.646116
0.647000
0.647200
0.647300
0.647510
0.647580
0.648100
0.649100
0.649700
0.649800
0.650100
0.650200
0.650990
0.651200
0.651260
0.652120
0.652410
0.652600
0.652680
0.652900
0.653300
0.653410
0.653512
0.654200
0.654400
0.654800
0.656008
0.657090
0.657490
0.657750
0.657760
0.657770
0.657780
0.657940
0.658800
0.659140
0.660300
0.660600
0.661500
0.661657
0.661900
0.662400
0.663070
0.664000
0.664420
0.665000
0.665100
0.665424
0.665700
0.665900
0.666100
0.666200
0.666331
0.666400
0.666500
0.666600
0.666970
0.667200
0.667422
0.667714
0.667750
0.668210
0.668400
0.668536
0.669160
0.669500
0.670100
0.670300
0.670720
0.671200
0.671360
0.673300
0.673520
0.673980
0.674100
0.675200
0.675800
0.676355
0.677100
0.677410
0.677600
0.677622
0.678400
0.678430
0.678500
0.679000
0.680500
0.681400
0.683060
0.683500
0.684693
0.685400
0.685470
0.685600
0.685700
0.685810
0.686500
0.686600
0.688100
0.689300
0.689400
0.689900
0.691500
0.691740
0.692400
0.692880
0.693300
0.694000
0.694100
0.694540
0.694800
0.694900
0.695000
0.695400
0.696000
0.696490
0.696750
0.697000
0.697490
0.698300
0.698361
0.698370
0.698800
0.698900
0.699600
0.699850
0.700660
0.701100
0.702200
0.702650
0.702670
0.703120
0.703450
0.705000
0.705333
0.706000
0.706300
0.706676
0.707400
0.707500
0.707670
0.708100
0.708900
0.709300
0.709600
0.709700
0.710312
0.711681
0.712300
0.713500
0.713600
0.714000
0.715100
0.715200
0.715520
0.716200
0.716500
0.717200
0.717340
0.717700
0.718253
0.718353
0.719000
0.719300
0.719700
0.719900
0.720392
0.720700
0.721400
0.722626
0.722690
0.722780
0.722782
0.722907
0.723000
0.723300
0.723301
0.723400
0.723570
0.723600
0.723720
0.724192
0.724211
0.724330
0.724400
0.725400
0.725673
0.725700
0.725900
0.726300
0.727300
0.728300
0.729600
0.732000
0.732040
0.733400
0.733730
0.734400
0.735000
0.736100
0.736400
0.736650
0.737500
0.737740
0.737800
0.738100
0.738200
0.739200
0.739500
0.739512
0.739793
0.739800
0.740530
0.741300
0.741355
0.741870
0.741980
0.742586
0.742720
0.743300
0.743360
0.743600
0.743620
0.743660
0.743971
0.744233
0.745350
0.747150
0.747159
0.747600
0.748360
0.748500
0.749000
0.749800
0.749900
0.749950
0.750150
0.750800
0.752100
0.752313
0.752600
0.753800
0.754000
0.754240
0.754400
0.755600
0.756200
0.756510
0.756725
0.759500
0.759700
0.759800
0.760800
0.761140
0.761800
0.762300
0.762520
0.762650
0.763140
0.763942
0.765400
0.765789
0.765803
0.765810
0.766840
0.766900
0.767200
0.767460
0.767600
0.768000
0.768100
0.768400
0.769300
0.769310
0.769900
0.770000
0.770400
0.772430
0.772600
0.773000
0.773240
0.773670
0.773740
0.774370
0.774800
0.775700
0.776000
0.776511
0.776520
0.777140
0.777400
0.778220
0.778224
0.778814
0.778904
0.779600
0.780440
0.781510
0.781900
0.783300
0.783590
0.783700
0.783730
0.784430
0.784480
0.785904
0.786990
0.787200
0.787363
0.787400
0.787700
0.788742
0.788900
0.789200
0.789400
0.790200
0.792067
0.792070
0.792700
0.792940
0.793000
0.793100
0.793400
0.793750
0.794700
0.795700
0.795864
0.796000
0.798000
0.798400
0.798700
0.798790
0.798800
0.798890
0.799225
0.799550
0.799600
0.801100
0.801500
0.802000
0.803040
0.803100
0.803300
0.803700
0.804280
0.804300
0.804600
0.805520
0.805600
0.807100
0.807385
0.807530
0.807930
0.809100
0.809400
0.809800
0.810000
0.810064
0.810293
0.810330
0.810700
0.810759
0.810761
0.810800
0.811850
0.812540
0.812600
0.812610
0.812970
0.813600
0.814400
0.814410
0.814700
0.815000
0.815772
0.815900
0.815989
0.817100
0.817800
0.818300
0.818514
0.818680
0.818800
0.819500
0.820200
0.820400
0.821090
0.821162
0.822000
0.822600
0.822654
0.823100
0.823400
0.823800
0.824500
0.824690
0.825000
0.825100
0.825200
0.825360
0.825600
0.826400
0.826600
0.827800
0.827826
0.827830
0.828270
0.828800
0.828990
0.829000
0.829300
0.831540
0.831690
0.831850
0.832290
0.832520
0.833100
0.833556
0.833990
0.834130
0.834400
0.834600
0.834830
0.834848
0.835149
0.836797
0.836800
0.838500
0.839520
0.840130
0.841630
0.843760
0.844001
0.844800
0.845300
0.846100
0.846300
0.846764
0.846770
0.847025
0.847400
0.849740
0.849800
0.849860
0.849929
0.852210
0.853430
0.853700
0.854700
0.856800
0.857050
0.857900
0.858000
0.860280
0.860300
0.860557
0.860900
0.861100
0.861110
0.861600
0.861800
0.861970
0.862000
0.862800
0.863640
0.863800
0.863940
0.864300
0.865000
0.865700
0.865800
0.867000
0.867200
0.868900
0.869900
0.871050
0.871091
0.871980
0.872400
0.873183
0.873300
0.873800
0.874100
0.874310
0.874400
0.875400
0.875730
0.875840
0.877700
0.878000
0.878400
0.879378
0.880390
0.880610
0.880700
0.880920
0.881010
0.881600
0.881604
0.882320
0.882410
0.882500
0.882650
0.883960
0.884090
0.884400
0.884470
0.884667
0.884678
0.884807
0.884880
0.886400
0.887570
0.888130
0.888200
0.888850
0.889040
0.889277
0.889900
0.890100
0.890200
0.890700
0.891200
0.893100
0.893500
0.893730
0.894327
0.894351
0.894760
0.894770
0.895120
0.895200
0.895800
0.896261
0.896900
0.897610
0.897848
0.898030
0.898042
0.898500
0.899040
0.899150
0.900000
0.900724
0.901300
0.901700
0.901800
0.902840
0.903282
0.903290
0.904200
0.905610
0.905780
0.906200
0.908000
0.908300
0.908580
0.908600
0.908960
0.909150
0.911204
0.911740
0.911770
0.911960
0.912079
0.912600
0.912671
0.914230
0.914800
0.914850
0.914960
0.915330
0.918000
0.918100
0.918260
0.918700
0.918740
0.919100
0.920930
0.921000
0.924600
0.925300
0.925570
0.925900
0.926300
0.929010
0.929500
0.930100
0.931100
0.931600
0.931700
0.931800
0.931840
0.932100
0.933090
0.934000
0.934440
0.934470
0.934500
0.934900
0.935100
0.935544
0.936200
0.936500
0.936550
0.936700
0.937478
0.937485
0.941000
0.941400
0.941600
0.941700
0.942800
0.943410
0.944150
0.944189
0.944500
0.944700
0.946700
0.947400
0.947500
0.947730
0.948100
0.949000
0.949100
0.951880
0.952100
0.952590
0.954000
0.954550
0.955900
0.958800
0.960400
0.960622
0.960670
0.960700
0.961200
0.961260
0.961900
0.962100
0.962126
0.962800
0.963380
0.963850
0.964057
0.964800
0.964860
0.965500
0.966166
0.966620
0.966900
0.968971
0.969315
0.969610
0.969940
0.970000
0.972070
0.972573
0.973900
0.974300
0.974610
0.974742
0.974900
0.977140
0.978700
0.979300
0.979379
0.979770
0.980000
0.980450
0.982100
0.982200
0.982900
0.983525
0.983526
0.983980
0.983990
0.984100
0.984450
0.984660
0.984700
0.987660
0.987790
0.987810
0.988050
0.989100
0.989125
0.990300
0.990690
0.991100
0.991560
0.991840
0.992390
0.992600
0.992660
0.994800
0.995200
0.995300
0.996290
0.997100
0.997160
0.997380
0.997790
0.997800
0.999700
1.000200
1.001200
1.001580
1.003200
1.004700
1.004760
1.006000
1.006100
1.007500
1.009300
1.009780
1.011500
1.012470
1.013340
1.013570
1.013810
1.014100
1.014520
1.015630
1.016100
1.016290
1.018100
1.019000
1.019700
1.020890
1.021500
1.023020
1.023300
1.024300
1.025000
1.025110
1.026400
1.027000
1.027400
1.027420
1.027500
1.027530
1.028190
1.028530
1.029060
1.029700
1.030300
1.030600
1.030650
1.031852
1.031900
1.031920
1.032260
1.032300
1.032800
1.034600
1.035600
1.036000
1.036100
1.037522
1.037600
1.037843
1.038000
1.039220
1.039490
1.039700
1.040010
1.040260
1.044005
1.044080
1.045830
1.046400
1.046590
1.046700
1.048073
1.049400
1.049700
1.050650
1.050690
1.052280
1.052400
1.054300
1.056600
1.056780
1.057010
1.057100
1.059100
1.059700
1.061800
1.062040
1.062500
1.063656
1.064350
1.065110
1.065980
1.066800
1.067100
1.069300
1.070000
1.071700
1.072373
1.072500
1.072550
1.072850
1.073200
1.076200
1.076500
1.076660
1.076860
1.077700
1.078700
1.078770
1.078860
1.079025
1.079300
1.080400
1.081330
1.082530
1.082600
1.083090
1.083470
1.085837
1.088100
1.090400
1.090900
1.091349
1.091800
1.092000
1.093600
1.093630
1.094700
1.095600
1.096800
1.097100
1.097280
1.098000
1.098260
1.098300
1.098620
1.098700
1.098900
1.099200
1.099245
1.099480
1.100900
1.103000
1.103300
1.104000
1.104700
1.106600
1.106770
1.107200
1.107223
1.108410
1.109300
1.109360
1.109720
1.111200
1.112076
1.112840
1.113600
1.114300
1.115400
1.115530
1.115539
1.116770
1.117100
1.118690
1.120294
1.120545
1.121124
1.121290
1.121300
1.121400
1.121680
1.124820
1.125400
1.125460
1.126000
1.126700
1.126850
1.127700
1.128020
1.128600
1.128900
1.129224
1.130000
1.130500
1.131511
1.131640
1.132800
1.136310
1.136830
1.138700
1.138790
1.140200
1.140280
1.140550
1.141110
1.142200
1.147840
1.152530
1.152820
1.154070
1.157002
1.157022
1.157430
1.159300
1.160000
1.163500
1.163610
1.164000
1.165770
1.165860
1.166000
1.167500
1.168800
1.168827
1.169900
1.171000
1.171220
1.171700
1.172500
1.172900
1.173160
1.173228
1.176100
1.176650
1.177954
1.178600
1.180300
1.180890
1.181000
1.181400
1.181450
1.186420
1.187280
1.187500
1.189040
1.189200
1.189600
1.190580
1.198000
1.199390
1.199700
1.200231
1.200500
1.202400
1.203700
1.204300
1.205070
1.205750
1.208110
1.210000
1.211700
1.212730
1.213100
1.213500
1.214500
1.216700
1.218600
1.219600
1.219940
1.221000
1.221240
1.221395
1.221400
1.221500
1.222440
1.222700
1.222800
1.222900
1.225440
1.227000
1.229640
1.229650
1.231000
1.231004
1.234590
1.235000
1.235300
1.235362
1.238288
1.242710
1.243300
1.246100
1.248140
1.249200
1.251700
1.256680
1.256800
1.257700
1.258200
1.259440
1.260409
1.261200
1.261800
1.263130
1.267191
1.267900
1.273361
1.273540
1.274429
1.274537
1.279010
1.279100
1.280100
1.280400
1.281440
1.281700
1.282400
1.289100
1.290800
1.291590
1.293557
1.293558
1.293560
1.293640
1.294320
1.294700
1.297000
1.297090
1.299100
1.299300
1.299920
1.300250
1.300520
1.301350
1.308700
1.312105
1.312120
1.313020
1.316000
1.316700
1.317430
1.317485
1.321080
1.321300
1.322900
1.323090
1.323700
1.324250
1.324510
1.326460
1.326840
1.328100
1.330200
1.332492
1.332500
1.333210
1.338230
1.340500
1.342200
1.345000
1.347000
1.350700
1.351100
1.352000
1.354100
1.356843
1.358050
1.359860
1.361620
1.362152
1.362900
1.362940
1.363800
1.368625
1.369000
1.371000
1.371220
1.375360
1.377630
1.377990
1.380580
1.381900
1.383550
1.383930
1.384293
1.387340
1.389840
1.392150
1.393580
1.394000
1.395131
1.396200
1.397300
1.398000
1.407000
1.407300
1.408013
1.408500
1.409900
1.412500
1.413300
1.413660
1.416100
1.417200
1.419710
1.420790
1.421670
1.421700
1.425900
1.427700
1.428320
1.430700
1.432100
1.432910
1.434060
1.434092
1.435500
1.435770
1.435795
1.436000
1.436700
1.437300
1.437500
1.439800
1.439940
1.440000
1.443300
1.448300
1.454550
1.454600
1.460730
1.460820
1.462800
1.465120
1.465900
1.469730
1.473500
1.474880
1.474895
1.475800
1.477138
1.477700
1.479500
1.480100
1.481840
1.483300
1.483600
1.485300
1.489800
1.491000
1.495530
1.504100
1.505028
1.508000
1.509600
1.511100
1.517498
1.519300
1.519450
1.520100
1.520280
1.523000
1.524500
1.524600
1.524780
1.527210
1.527650
1.529400
1.529500
1.529770
1.534260
1.536000
1.553348
1.553768
1.553770
1.558310
1.561000
1.561800
1.564750
1.567080
1.567400
1.567500
1.572050
1.572250
1.578200
1.579400
1.579430
1.590850
1.590900
1.596210
1.597430
1.599500
1.609700
1.612800
1.613740
1.615300
1.618000
1.626200
1.632700
1.633602
1.636400
1.636500
1.637400
1.638200
1.641900
1.642680
1.643000
1.658530
1.660000
1.669600
1.674720
1.675500
1.680270
1.683300
1.686000
1.690960
1.690971
1.694000
1.696620
1.698000
1.700960
1.701440
1.705600
1.707610
1.711900
1.714900
1.716400
1.718700
1.722500
1.730000
1.730280
1.736400
1.742000
1.750500
1.750600
1.754000
1.754740
1.757900
1.764300
1.764491
1.768260
1.771357
1.776200
1.778100
1.778300
1.778969
1.778987
1.786400
1.787160
1.790600
1.791600
1.798200
1.801600
1.808650
1.808710
1.810726
1.817900
1.822250
1.832000
1.836000
1.836063
1.847300
1.853640
1.853820
1.860800
1.861500
1.862600
1.864890
1.867040
1.872300
1.874410
1.877800
1.880600
1.882510
1.894200
1.897600
1.904000
1.905170
1.919520
1.920120
1.929060
1.929811
1.941400
1.941945
1.944300
1.953910
1.960200
1.968800
1.970400
1.971950
1.972100
1.973200
1.973860
1.982000
1.984600
1.986300
1.996500
1.997330
2.003700
2.004930
2.013450
2.015820
2.017400
2.019160
2.021300
2.028340
2.033200
2.037600
2.045800
2.048000
2.051500
2.052360
2.057760
2.059410
2.062900
2.067000
2.070400
2.077900
2.081500
2.085600
2.095900
2.102200
2.102810
2.112290
2.113092
2.115100
2.118260
2.127499
2.128800
2.133900
2.136000
2.144100
2.147190
2.150786
2.167400
2.167500
2.176500
2.186242
2.189920
2.195220
2.195840
2.195920
2.201586
2.207800
2.214590
2.218000
2.224000
2.225190
2.230200
2.230880
2.235230
2.239300
2.244700
2.245600
2.289600
2.299700
2.300000
2.301800
2.312593
2.318959
2.339700
2.353600
2.353610
2.375976
2.377140
2.378200
2.380200
2.388500
2.392110
2.397800
2.422700
2.433430
2.434120
2.442550
2.443300
2.450900
2.465300
2.502600
2.507718
2.539900
2.542700
2.557500
2.564190
2.569400
2.570200
2.571100
2.589800
2.598500
2.601980
2.614500
2.614511
2.621700
2.644580
2.751380
2.751835
2.752680
2.754008
2.754030
2.833420
2.840100
2.841400
2.942300
2.982680
3.084400
3.101700
3.103370
3.139870
3.167900
3.214150
3.235100
3.287600
3.290700
3.304031
3.317000
3.344610
3.365760
3.401300
3.438160
3.498330
3.517400
3.519810
3.599670
3.700000
3.735000
3.735600
3.920000
4.040800
4.102300
4.273200
4.297610
4.316000
4.415700
4.496920
4.730000
4.770000
5.297817
5.392680
6.128630
7.069500
